logphi: [-0.32467423  1.08622809 -7.04078784  0.36285659 -6.26084418  0.16184508] [0.04086364 0.27986355 0.27005321 0.11559786 0.79970063 1.23256821] [ 0.15274435  0.23377912  0.3015287   0.26586126  0.69692317 13.61231283]
M_star: [ -0.06891831   0.5439472   -2.20820997 -22.85789432   0.23698548
 -25.02290439   0.14637858] [1.87537275 2.47054136 2.86061813 2.46798297 0.65938072 0.8104006
 1.26919705] [1.77629322 2.7879311  3.19839786 2.3435706  0.09450657 0.44819561
 3.13059939]
alpha: [-0.13322565  1.00231095 -1.80427885 -2.75069997  0.17664661 -4.63618733
  0.27712102] [0.14634703 0.28842796 0.47031351 0.51542096 0.21556138 2.16697236
 0.67054497] [ 0.2806578   0.34022005  0.66514105  0.39587613  0.69146997  0.31910185
 19.44171444]
beta: [ 0.14640501 -1.89177737  0.49126765 -1.59646464  0.26890541] [0.16941797 0.23095663 0.18967387 0.21736347 0.20241248] [0.15323533 0.27140633 0.23086422 0.26046385 0.75467933]
