# The data points with bad points for the QLF at different redshift bins are given here.
# badness 1 implies the points are the bad points. 
# The columns are as follows:
# zmin   zmax   label                     badness   bad_prob   mag       mag_err    logphi    map_log_phi   uperr    downerr   log_err  residual   sig_dif   prob
  0.10   0.40   Richards et al. 2006            0     0.086    -24.600   0.300      -8.336       -8.069     0.295    0.341     0.318    -0.267     -0.841    4.006e-01
  0.10   0.40   Richards et al. 2006            0     0.024    -24.000   0.300      -7.592       -7.611     0.101    0.103     0.102     0.019      0.190    8.497e-01
  0.10   0.40   Richards et al. 2006            0     0.014    -23.400   0.300      -7.142       -7.159     0.054    0.054     0.054     0.017      0.308    7.581e-01
  0.10   0.40   Richards et al. 2006            0     0.014    -22.800   0.300      -6.761       -6.726     0.034    0.034     0.034    -0.035     -1.021    3.071e-01
  0.10   0.40   Richards et al. 2006            1     1.000    -22.200   0.300      -6.494       -6.345     0.023    0.023     0.023    -0.149     -6.543    6.027e-11
  0.10   0.40   Richards et al. 2006            0     0.004    -21.600   0.300      -6.080       -6.073     0.015    0.015     0.015    -0.006     -0.413    6.796e-01
  0.10   0.40   Richards et al. 2006            0     0.012    -21.000   0.300      -5.966       -5.945     0.012    0.012     0.012    -0.022     -1.802    7.148e-02
  0.10   0.40   Richards et al. 2006            1     0.999    -20.400   0.300      -6.001       -5.922     0.016    0.016     0.016    -0.079     -5.086    3.661e-07
  0.10   0.40   Richards et al. 2006            1     0.999    -19.800   0.300      -8.747       -5.948     0.518    0.763     0.641    -2.799     -4.369    1.245e-05
  0.40   0.60   Richards et al. 2006            0     0.000    -25.200   0.300      -8.258       -8.101     0.134    0.139     0.136    -0.157     -1.150    2.501e-01
  0.40   0.60   Richards et al. 2006            0     0.001    -24.600   0.300      -7.565       -7.581     0.057    0.058     0.058     0.015      0.267    7.893e-01
  0.40   0.60   Richards et al. 2006            0     0.004    -24.000   0.300      -7.091       -7.100     0.033    0.033     0.033     0.009      0.291    7.711e-01
  0.40   0.60   Richards et al. 2006            0     0.014    -23.400   0.300      -6.713       -6.693     0.021    0.021     0.021    -0.021     -1.003    3.160e-01
  0.40   0.60   Richards et al. 2006            0     0.011    -22.800   0.300      -6.379       -6.384     0.014    0.014     0.014     0.005      0.330    7.416e-01
  0.40   0.60   Richards et al. 2006            0     0.011    -22.200   0.300      -6.169       -6.163     0.011    0.011     0.011    -0.005     -0.482    6.300e-01
  0.40   0.60   Richards et al. 2006            1     1.000    -21.600   0.300      -6.117       -5.997     0.014    0.014     0.014    -0.120     -8.355    6.567e-17
  0.40   0.60   Richards et al. 2006            1     1.000    -21.000   0.300      -6.329       -5.856     0.040    0.040     0.040    -0.473    -11.959    5.825e-33
  0.40   0.60   Croom et al. 2009               0     0.127    -23.400   0.300      -6.550       -6.693     0.187    0.200     0.193     0.143      0.738    4.603e-01
  0.40   0.60   Croom et al. 2009               0     0.081    -22.800   0.300      -6.463       -6.384     0.091    0.092     0.091    -0.079     -0.870    3.844e-01
  0.40   0.60   Croom et al. 2009               0     0.500    -22.200   0.300      -6.009       -6.163     0.065    0.066     0.066     0.154      2.350    1.878e-02
  0.40   0.60   Croom et al. 2009               1     1.000    -21.600   0.300      -5.692       -5.997     0.049    0.049     0.049     0.305      6.221    4.949e-10
  0.40   0.60   Croom et al. 2009               0     0.052    -21.000   0.300      -5.829       -5.856     0.051    0.051     0.051     0.027      0.533    5.940e-01
  0.40   0.60   Croom et al. 2009               1     0.990    -20.400   0.300      -5.536       -5.725     0.047    0.047     0.047     0.189      3.994    6.509e-05
  0.40   0.60   Croom et al. 2009               0     0.049    -19.800   0.300      -5.606       -5.599     0.067    0.067     0.067    -0.007     -0.106    9.158e-01
  0.40   0.60   Croom et al. 2009               0     0.353    -19.200   0.300      -5.730       -5.474     0.147    0.153     0.150    -0.256     -1.707    8.782e-02
  0.60   0.80   Richards et al. 2006            0     0.000    -26.400   0.300      -8.860       -8.910     0.224    0.246     0.235     0.050      0.213    8.311e-01
  0.60   0.80   Richards et al. 2006            0     0.001    -25.800   0.300      -8.429       -8.236     0.129    0.133     0.131    -0.192     -1.467    1.424e-01
  0.60   0.80   Richards et al. 2006            0     0.003    -25.200   0.300      -7.592       -7.623     0.046    0.047     0.047     0.031      0.660    5.095e-01
  0.60   0.80   Richards et al. 2006            0     0.006    -24.600   0.300      -7.102       -7.113     0.026    0.026     0.026     0.011      0.432    6.654e-01
  0.60   0.80   Richards et al. 2006            0     0.010    -24.000   0.300      -6.708       -6.721     0.017    0.017     0.017     0.013      0.770    4.415e-01
  0.60   0.80   Richards et al. 2006            0     0.008    -23.400   0.300      -6.408       -6.410     0.011    0.011     0.011     0.003      0.235    8.141e-01
  0.60   0.80   Richards et al. 2006            1     1.000    -22.800   0.300      -6.302       -6.139     0.013    0.013     0.013    -0.164    -12.823    1.214e-37
  0.60   0.80   Richards et al. 2006            1     1.000    -22.200   0.300      -6.389       -5.882     0.042    0.042     0.042    -0.507    -12.122    8.063e-34
  0.60   0.80   Croom et al. 2009               0     0.120    -24.000   0.300      -6.954       -6.721     0.163    0.172     0.168    -0.233     -1.389    1.648e-01
  0.60   0.80   Croom et al. 2009               0     0.251    -23.400   0.300      -6.282       -6.410     0.065    0.065     0.065     0.129      1.980    4.774e-02
  0.60   0.80   Croom et al. 2009               0     0.177    -22.800   0.300      -6.044       -6.139     0.052    0.052     0.052     0.095      1.831    6.708e-02
  0.60   0.80   Croom et al. 2009               0     0.074    -22.200   0.300      -5.824       -5.882     0.042    0.042     0.042     0.058      1.369    1.710e-01
  0.60   0.80   Croom et al. 2009               0     0.057    -21.600   0.300      -5.583       -5.631     0.033    0.033     0.033     0.049      1.476    1.400e-01
  0.60   0.80   Croom et al. 2009               0     0.242    -21.000   0.300      -5.460       -5.382     0.032    0.032     0.032    -0.077     -2.424    1.535e-02
  0.60   0.80   Croom et al. 2009               1     1.000    -20.400   0.300      -5.726       -5.134     0.058    0.059     0.059    -0.592    -10.104    5.319e-24
  0.60   0.80   Croom et al. 2009               1     0.935    -19.800   0.300      -5.810       -4.886     0.295    0.341     0.318    -0.924     -2.904    3.685e-03
  0.80   1.00   Richards et al. 2006            0     0.006    -27.600   0.300      -9.511       -9.687     0.518    0.763     0.641     0.176      0.275    7.831e-01
  0.80   1.00   Richards et al. 2006            0     0.004    -27.000   0.300      -9.403       -9.038     0.365    0.451     0.408    -0.365     -0.895    3.706e-01
  0.80   1.00   Richards et al. 2006            0     0.004    -26.400   0.300      -8.403       -8.397     0.106    0.109     0.108    -0.006     -0.054    9.568e-01
  0.80   1.00   Richards et al. 2006            0     0.006    -25.800   0.300      -7.755       -7.780     0.048    0.049     0.048     0.025      0.524    6.006e-01
  0.80   1.00   Richards et al. 2006            0     0.005    -25.200   0.300      -7.224       -7.217     0.026    0.026     0.026    -0.007     -0.273    7.848e-01
  0.80   1.00   Richards et al. 2006            0     0.005    -24.600   0.300      -6.741       -6.751     0.015    0.015     0.015     0.010      0.690    4.904e-01
  0.80   1.00   Richards et al. 2006            0     0.003    -24.000   0.300      -6.399       -6.399     0.010    0.010     0.010    -0.000     -0.043    9.656e-01
  0.80   1.00   Richards et al. 2006            1     1.000    -23.400   0.300      -6.413       -6.130     0.015    0.015     0.015    -0.282    -19.067    4.788e-81
  0.80   1.00   Croom et al. 2009               0     0.027    -24.600   0.300      -6.760       -6.751     0.109    0.112     0.111    -0.009     -0.078    9.378e-01
  0.80   1.00   Croom et al. 2009               0     0.086    -24.000   0.300      -6.294       -6.399     0.056    0.056     0.056     0.104      1.870    6.152e-02
  0.80   1.00   Croom et al. 2009               0     0.017    -23.400   0.300      -6.162       -6.130     0.048    0.048     0.048    -0.031     -0.648    5.172e-01
  0.80   1.00   Croom et al. 2009               0     0.015    -22.800   0.300      -5.875       -5.905     0.038    0.038     0.038     0.030      0.787    4.311e-01
  0.80   1.00   Croom et al. 2009               0     0.238    -22.200   0.300      -5.616       -5.696     0.030    0.030     0.030     0.080      2.691    7.127e-03
  0.80   1.00   Croom et al. 2009               0     0.078    -21.600   0.300      -5.553       -5.495     0.027    0.027     0.027    -0.059     -2.213    2.691e-02
  0.80   1.00   Croom et al. 2009               1     1.000    -21.000   0.300      -5.607       -5.295     0.037    0.037     0.037    -0.312     -8.513    1.690e-17
  0.80   1.00   Croom et al. 2009               0     0.824    -20.400   0.300      -6.787       -5.097     0.518    0.763     0.641    -1.691     -2.640    8.297e-03
  1.00   1.20   Richards et al. 2006            0     0.007    -28.200   0.300      -9.260       -9.941     0.518    0.763     0.641     0.681      1.063    2.877e-01
  1.00   1.20   Richards et al. 2006            0     0.001    -27.600   0.300      -9.486       -9.302     0.365    0.451     0.408    -0.184     -0.451    6.521e-01
  1.00   1.20   Richards et al. 2006            0     0.001    -27.000   0.300      -8.745       -8.666     0.147    0.153     0.150    -0.080     -0.532    5.946e-01
  1.00   1.20   Richards et al. 2006            0     0.002    -26.400   0.300      -8.046       -8.038     0.062    0.063     0.062    -0.008     -0.128    8.981e-01
  1.00   1.20   Richards et al. 2006            0     0.003    -25.800   0.300      -7.435       -7.436     0.030    0.030     0.030     0.001      0.033    9.734e-01
  1.00   1.20   Richards et al. 2006            0     0.004    -25.200   0.300      -6.883       -6.892     0.016    0.016     0.016     0.009      0.595    5.516e-01
  1.00   1.20   Richards et al. 2006            0     0.003    -24.600   0.300      -6.455       -6.456     0.010    0.010     0.010     0.001      0.131    8.954e-01
  1.00   1.20   Richards et al. 2006            1     1.000    -24.000   0.300      -6.312       -6.143     0.009    0.009     0.009    -0.168    -18.193    5.904e-74
  1.00   1.20   Croom et al. 2009               0     0.027    -25.200   0.300      -6.906       -6.892     0.129    0.133     0.131    -0.014     -0.110    9.123e-01
  1.00   1.20   Croom et al. 2009               0     0.020    -24.600   0.300      -6.489       -6.456     0.063    0.063     0.063    -0.033     -0.519    6.037e-01
  1.00   1.20   Croom et al. 2009               0     0.092    -24.000   0.300      -6.236       -6.143     0.046    0.047     0.047    -0.092     -1.982    4.752e-02
  1.00   1.20   Croom et al. 2009               0     0.040    -23.400   0.300      -5.859       -5.916     0.035    0.035     0.035     0.057      1.642    1.006e-01
  1.00   1.20   Croom et al. 2009               0     0.009    -22.800   0.300      -5.718       -5.730     0.029    0.029     0.029     0.012      0.416    6.777e-01
  1.00   1.20   Croom et al. 2009               0     0.007    -22.200   0.300      -5.569       -5.559     0.024    0.024     0.024    -0.010     -0.400    6.888e-01
  1.00   1.20   Croom et al. 2009               1     1.000    -21.600   0.300      -5.670       -5.393     0.033    0.033     0.033    -0.276     -8.495    1.985e-17
  1.00   1.20   Croom et al. 2009               1     0.999    -21.000   0.300      -6.039       -5.230     0.174    0.184     0.179    -0.810     -4.516    6.289e-06
  1.20   1.40   Richards et al. 2006            0     0.004    -28.200   0.300      -9.785       -9.542     0.518    0.763     0.641    -0.243     -0.380    7.041e-01
  1.20   1.40   Richards et al. 2006            0     0.004    -27.600   0.300      -9.063       -8.925     0.203    0.219     0.211    -0.138     -0.654    5.132e-01
  1.20   1.40   Richards et al. 2006            0     0.006    -27.000   0.300      -8.250       -8.314     0.075    0.075     0.075     0.063      0.843    3.994e-01
  1.20   1.40   Richards et al. 2006            0     0.009    -26.400   0.300      -7.770       -7.717     0.042    0.042     0.042    -0.053     -1.262    2.069e-01
  1.20   1.40   Richards et al. 2006            0     0.013    -25.800   0.300      -7.125       -7.156     0.019    0.019     0.019     0.032      1.635    1.020e-01
  1.20   1.40   Richards et al. 2006            0     0.003    -25.200   0.300      -6.675       -6.670     0.011    0.011     0.011    -0.005     -0.406    6.846e-01
  1.20   1.40   Richards et al. 2006            0     0.004    -24.600   0.300      -6.283       -6.292     0.007    0.007     0.007     0.009      1.169    2.424e-01
  1.20   1.40   Richards et al. 2006            1     1.000    -24.000   0.300      -6.450       -6.014     0.026    0.026     0.026    -0.436    -17.003    7.822e-65
  1.20   1.40   Croom et al. 2009               0     0.053    -25.800   0.300      -7.159       -7.156     0.295    0.341     0.318    -0.003     -0.009    9.931e-01
  1.20   1.40   Croom et al. 2009               0     0.169    -25.200   0.300      -6.862       -6.670     0.087    0.089     0.088    -0.192     -2.184    2.898e-02
  1.20   1.40   Croom et al. 2009               0     0.045    -24.600   0.300      -6.373       -6.292     0.050    0.050     0.050    -0.081     -1.616    1.062e-01
  1.20   1.40   Croom et al. 2009               0     0.012    -24.000   0.300      -6.038       -6.014     0.040    0.040     0.040    -0.024     -0.611    5.412e-01
  1.20   1.40   Croom et al. 2009               0     0.010    -23.400   0.300      -5.817       -5.797     0.031    0.031     0.031    -0.020     -0.639    5.228e-01
  1.20   1.40   Croom et al. 2009               0     0.007    -22.800   0.300      -5.594       -5.608     0.024    0.024     0.024     0.014      0.605    5.454e-01
  1.20   1.40   Croom et al. 2009               1     1.000    -22.200   0.300      -5.631       -5.431     0.026    0.026     0.026    -0.201     -7.667    1.755e-14
  1.20   1.40   Croom et al. 2009               1     1.000    -21.600   0.300      -5.863       -5.257     0.060    0.061     0.061    -0.606     -9.986    1.751e-23
  1.40   1.60   Richards et al. 2006            0     0.011    -28.200   0.300      -9.878       -9.428     0.518    0.763     0.641    -0.450     -0.703    4.821e-01
  1.40   1.60   Richards et al. 2006            0     0.014    -27.600   0.300      -9.033       -8.774     0.187    0.200     0.193    -0.260     -1.342    1.797e-01
  1.40   1.60   Richards et al. 2006            0     0.004    -27.000   0.300      -8.130       -8.127     0.062    0.062     0.062    -0.003     -0.052    9.588e-01
  1.40   1.60   Richards et al. 2006            0     0.005    -26.400   0.300      -7.473       -7.502     0.028    0.028     0.028     0.029      1.024    3.059e-01
  1.40   1.60   Richards et al. 2006            0     0.002    -25.800   0.300      -6.936       -6.933     0.015    0.015     0.015    -0.003     -0.187    8.516e-01
  1.40   1.60   Richards et al. 2006            0     0.002    -25.200   0.300      -6.466       -6.472     0.009    0.009     0.009     0.006      0.742    4.578e-01
  1.40   1.60   Richards et al. 2006            1     1.000    -24.600   0.300      -6.279       -6.141     0.009    0.009     0.009    -0.138    -16.220    3.626e-59
  1.40   1.60   Croom et al. 2009               0     0.023    -25.800   0.300      -7.057       -6.933     0.120    0.123     0.122    -0.124     -1.018    3.085e-01
  1.40   1.60   Croom et al. 2009               0     0.014    -25.200   0.300      -6.533       -6.472     0.056    0.057     0.057    -0.061     -1.078    2.809e-01
  1.40   1.60   Croom et al. 2009               0     0.007    -24.600   0.300      -6.169       -6.141     0.042    0.042     0.042    -0.028     -0.658    5.102e-01
  1.40   1.60   Croom et al. 2009               0     0.006    -24.000   0.300      -5.930       -5.903     0.033    0.033     0.033    -0.027     -0.804    4.214e-01
  1.40   1.60   Croom et al. 2009               0     0.045    -23.400   0.300      -5.654       -5.709     0.024    0.024     0.024     0.055      2.298    2.158e-02
  1.40   1.60   Croom et al. 2009               0     0.005    -22.800   0.300      -5.551       -5.531     0.023    0.023     0.023    -0.020     -0.848    3.963e-01
  1.40   1.60   Croom et al. 2009               1     1.000    -22.200   0.300      -5.595       -5.359     0.029    0.029     0.029    -0.235     -7.995    1.293e-15
  1.60   1.80   Richards et al. 2006            0     0.011    -28.200   0.300      -9.601       -9.246     0.365    0.451     0.408    -0.355     -0.870    3.845e-01
  1.60   1.80   Richards et al. 2006            0     0.005    -27.600   0.300      -8.560       -8.585     0.101    0.103     0.102     0.025      0.248    8.045e-01
  1.60   1.80   Richards et al. 2006            0     0.004    -27.000   0.300      -7.958       -7.934     0.049    0.049     0.049    -0.024     -0.494    6.216e-01
  1.60   1.80   Richards et al. 2006            0     0.002    -26.400   0.300      -7.307       -7.312     0.022    0.022     0.022     0.005      0.212    8.323e-01
  1.60   1.80   Richards et al. 2006            0     0.001    -25.800   0.300      -6.762       -6.763     0.012    0.012     0.012     0.002      0.139    8.893e-01
  1.60   1.80   Richards et al. 2006            0     0.001    -25.200   0.300      -6.344       -6.345     0.007    0.007     0.007     0.002      0.219    8.263e-01
  1.60   1.80   Richards et al. 2006            1     1.000    -24.600   0.300      -6.458       -6.062     0.018    0.018     0.018    -0.396    -21.409    1.111e-101
  1.60   1.80   Croom et al. 2009               0     0.037    -26.400   0.300      -7.088       -7.312     0.203    0.219     0.211     0.224      1.059    2.897e-01
  1.60   1.80   Croom et al. 2009               0     0.008    -25.800   0.300      -6.750       -6.763     0.071    0.072     0.071     0.014      0.191    8.482e-01
  1.60   1.80   Croom et al. 2009               0     0.006    -25.200   0.300      -6.327       -6.345     0.046    0.047     0.047     0.018      0.389    6.971e-01
  1.60   1.80   Croom et al. 2009               0     0.012    -24.600   0.300      -6.116       -6.062     0.038    0.039     0.039    -0.053     -1.384    1.663e-01
  1.60   1.80   Croom et al. 2009               0     0.004    -24.000   0.300      -5.841       -5.860     0.031    0.031     0.031     0.019      0.613    5.402e-01
  1.60   1.80   Croom et al. 2009               0     0.008    -23.400   0.300      -5.656       -5.690     0.023    0.023     0.023     0.034      1.517    1.292e-01
  1.60   1.80   Croom et al. 2009               0     0.003    -22.800   0.300      -5.548       -5.532     0.023    0.023     0.023    -0.016     -0.728    4.667e-01
  1.60   1.80   Croom et al. 2009               1     1.000    -22.200   0.300      -5.780       -5.377     0.060    0.061     0.061    -0.404     -6.649    2.950e-11
  1.80   2.20   Richards et al. 2006            0     0.003    -28.800   0.300      -9.746       -9.641     0.295    0.341     0.318    -0.106     -0.332    7.402e-01
  1.80   2.20   Richards et al. 2006            0     0.005    -28.200   0.300      -9.109       -8.997     0.134    0.139     0.136    -0.113     -0.826    4.089e-01
  1.80   2.20   Richards et al. 2006            0     0.006    -27.600   0.300      -8.304       -8.359     0.050    0.050     0.050     0.055      1.099    2.719e-01
  1.80   2.20   Richards et al. 2006            0     0.003    -27.000   0.300      -7.729       -7.740     0.025    0.025     0.025     0.011      0.437    6.624e-01
  1.80   2.20   Richards et al. 2006            0     0.322    -26.400   0.300      -7.123       -7.165     0.012    0.012     0.012     0.041      3.331    8.658e-04
  1.80   2.20   Richards et al. 2006            0     0.028    -25.800   0.300      -6.657       -6.675     0.007    0.007     0.007     0.018      2.490    1.277e-02
  1.80   2.20   Richards et al. 2006            1     1.000    -25.200   0.300      -6.471       -6.301     0.008    0.008     0.008    -0.170    -21.876    4.426e-106
  1.80   2.20   Croom et al. 2009               0     0.087    -27.000   0.300      -7.382       -7.740     0.518    0.763     0.641     0.358      0.559    5.759e-01
  1.80   2.20   Croom et al. 2009               0     0.033    -26.400   0.300      -7.054       -7.165     0.076    0.076     0.076     0.111      1.458    1.450e-01
  1.80   2.20   Croom et al. 2009               0     0.024    -25.800   0.300      -6.610       -6.675     0.042    0.042     0.042     0.065      1.534    1.250e-01
  1.80   2.20   Croom et al. 2009               0     0.006    -25.200   0.300      -6.301       -6.301     0.031    0.031     0.031    -0.001     -0.028    9.779e-01
  1.80   2.20   Croom et al. 2009               0     0.023    -24.600   0.300      -5.978       -6.021     0.024    0.024     0.024     0.043      1.806    7.086e-02
  1.80   2.20   Croom et al. 2009               0     0.013    -24.000   0.300      -5.764       -5.795     0.019    0.019     0.019     0.030      1.642    1.005e-01
  1.80   2.20   Croom et al. 2009               1     0.960    -23.400   0.300      -5.662       -5.591     0.017    0.017     0.017    -0.072     -4.232    2.316e-05
  1.80   2.20   Croom et al. 2009               1     1.000    -22.800   0.300      -5.699       -5.395     0.022    0.022     0.022    -0.304    -13.605    3.753e-42
  2.20   2.40   Ross et al. 2013                0     0.148    -27.000   0.300      -7.400       -7.561     0.094    0.096     0.095     0.161      1.693    9.054e-02
  2.20   2.40   Ross et al. 2013                0     0.021    -26.400   0.300      -7.074       -7.107     0.033    0.033     0.033     0.033      0.988    3.232e-01
  2.20   2.40   Ross et al. 2013                0     0.362    -25.800   0.300      -6.631       -6.688     0.019    0.019     0.019     0.057      3.003    2.670e-03
  2.20   2.40   Ross et al. 2013                0     0.098    -25.200   0.300      -6.297       -6.331     0.013    0.013     0.013     0.034      2.614    8.949e-03
  2.20   2.40   Ross et al. 2013                0     0.011    -24.600   0.300      -6.035       -6.053     0.010    0.010     0.010     0.018      1.758    7.870e-02
  2.20   2.40   Ross et al. 2013                1     0.933    -24.000   0.300      -5.807       -5.847     0.010    0.010     0.010     0.040      4.229    2.346e-05
  2.20   2.40   Ross et al. 2013                0     0.004    -23.400   0.300      -5.703       -5.690     0.010    0.010     0.010    -0.014     -1.317    1.877e-01
  2.20   2.40   Ross et al. 2013                0     0.030    -22.800   0.300      -5.521       -5.558     0.017    0.017     0.017     0.037      2.239    2.519e-02
  2.20   2.40   Richards et al. 2006            1     0.999    -26.400   0.300      -9.880       -7.107     0.518    0.763     0.641    -2.773     -4.330    1.492e-05
  2.20   2.40   Richards et al. 2006            1     1.000    -25.800   0.300      -9.371       -6.688     0.295    0.341     0.318    -2.683     -8.432    3.387e-17
  2.20   2.40   Richards et al. 2006            1     0.990    -25.200   0.300      -8.539       -6.331     0.518    0.763     0.641    -2.208     -3.446    5.680e-04
  2.40   2.50   Ross et al. 2013                0     0.010    -27.000   0.300      -7.526       -7.587     0.106    0.109     0.108     0.060      0.560    5.755e-01
  2.40   2.50   Ross et al. 2013                0     0.004    -26.400   0.300      -7.077       -7.089     0.043    0.043     0.043     0.013      0.299    7.649e-01
  2.40   2.50   Ross et al. 2013                0     0.006    -25.800   0.300      -6.647       -6.680     0.026    0.026     0.026     0.033      1.275    2.023e-01
  2.40   2.50   Ross et al. 2013                0     0.020    -25.200   0.300      -6.341       -6.381     0.018    0.018     0.018     0.040      2.155    3.117e-02
  2.40   2.50   Ross et al. 2013                0     0.009    -24.600   0.300      -6.140       -6.169     0.016    0.016     0.016     0.029      1.822    6.842e-02
  2.40   2.50   Ross et al. 2013                0     0.438    -24.000   0.300      -5.952       -6.006     0.015    0.015     0.015     0.054      3.499    4.671e-04
  2.40   2.50   Ross et al. 2013                0     0.002    -23.400   0.300      -5.867       -5.863     0.017    0.017     0.017    -0.004     -0.212    8.322e-01
  2.40   2.50   Ross et al. 2013                1     1.000    -22.800   0.300      -5.532       -5.729     0.035    0.035     0.035     0.196      5.673    1.405e-08
  2.50   2.60   Ross et al. 2013                0     0.014    -27.000   0.300      -7.600       -7.700     0.099    0.101     0.100     0.099      0.997    3.190e-01
  2.50   2.60   Ross et al. 2013                0     0.006    -26.400   0.300      -7.180       -7.210     0.048    0.049     0.048     0.030      0.610    5.418e-01
  2.50   2.60   Ross et al. 2013                0     0.079    -25.800   0.300      -6.718       -6.790     0.028    0.028     0.028     0.072      2.581    9.841e-03
  2.50   2.60   Ross et al. 2013                0     0.632    -25.200   0.300      -6.383       -6.458     0.021    0.021     0.021     0.075      3.630    2.839e-04
  2.50   2.60   Ross et al. 2013                0     0.175    -24.600   0.300      -6.145       -6.198     0.018    0.018     0.018     0.053      3.045    2.328e-03
  2.50   2.60   Ross et al. 2013                0     0.023    -24.000   0.300      -5.946       -5.984     0.017    0.017     0.017     0.038      2.214    2.684e-02
  2.50   2.60   Ross et al. 2013                1     1.000    -23.400   0.300      -5.931       -5.793     0.021    0.021     0.021    -0.138     -6.522    6.944e-11
  2.50   2.60   Ross et al. 2013                0     0.645    -22.800   0.300      -5.423       -5.612     0.056    0.056     0.056     0.189      3.358    7.855e-04
  2.60   2.70   Ross et al. 2013                0     0.003    -27.000   0.300      -7.406       -7.487     0.080    0.081     0.081     0.081      0.998    3.181e-01
  2.60   2.70   Ross et al. 2013                0     0.003    -26.400   0.300      -7.139       -7.063     0.052    0.052     0.052    -0.075     -1.444    1.486e-01
  2.60   2.70   Ross et al. 2013                0     0.001    -25.800   0.300      -6.626       -6.659     0.030    0.030     0.030     0.033      1.086    2.774e-01
  2.60   2.70   Ross et al. 2013                0     0.000    -25.200   0.300      -6.313       -6.309     0.024    0.024     0.024    -0.004     -0.167    8.677e-01
  2.60   2.70   Ross et al. 2013                0     0.000    -24.600   0.300      -6.075       -6.077     0.021    0.021     0.021     0.002      0.085    9.321e-01
  2.60   2.70   Ross et al. 2013                0     0.000    -24.000   0.300      -5.995       -5.999     0.021    0.021     0.021     0.004      0.183    8.551e-01
  2.60   2.70   Ross et al. 2013                0     0.000    -23.400   0.300      -6.037       -6.030     0.027    0.027     0.027    -0.007     -0.270    7.868e-01
  2.70   2.80   Ross et al. 2013                0     0.003    -27.000   0.300      -7.460       -7.452     0.112    0.115     0.114    -0.008     -0.071    9.435e-01
  2.70   2.80   Ross et al. 2013                0     0.001    -26.400   0.300      -6.928       -6.933     0.059    0.060     0.060     0.005      0.084    9.333e-01
  2.70   2.80   Ross et al. 2013                0     0.001    -25.800   0.300      -6.509       -6.513     0.040    0.040     0.040     0.004      0.097    9.228e-01
  2.70   2.80   Ross et al. 2013                0     0.000    -25.200   0.300      -6.227       -6.249     0.033    0.033     0.033     0.022      0.669    5.036e-01
  2.70   2.80   Ross et al. 2013                0     0.001    -24.600   0.300      -6.165       -6.115     0.030    0.030     0.030    -0.050     -1.660    9.682e-02
  2.70   2.80   Ross et al. 2013                0     0.001    -24.000   0.300      -6.007       -6.045     0.025    0.025     0.025     0.038      1.545    1.223e-01
  2.70   2.80   Ross et al. 2013                0     0.001    -23.400   0.300      -6.037       -5.998     0.034    0.034     0.034    -0.039     -1.160    2.459e-01
  2.80   2.90   Ross et al. 2013                0     0.001    -27.000   0.300      -7.290       -7.247     0.104    0.106     0.105    -0.044     -0.419    6.753e-01
  2.80   2.90   Ross et al. 2013                0     0.000    -26.400   0.300      -6.830       -6.866     0.054    0.054     0.054     0.036      0.660    5.092e-01
  2.80   2.90   Ross et al. 2013                0     0.000    -25.800   0.300      -6.568       -6.547     0.040    0.040     0.040    -0.021     -0.520    6.030e-01
  2.80   2.90   Ross et al. 2013                0     0.000    -25.200   0.300      -6.281       -6.312     0.033    0.033     0.033     0.032      0.964    3.352e-01
  2.80   2.90   Ross et al. 2013                0     0.000    -24.600   0.300      -6.186       -6.159     0.030    0.030     0.030    -0.027     -0.911    3.622e-01
  2.80   2.90   Ross et al. 2013                0     0.000    -24.000   0.300      -6.036       -6.060     0.026    0.026     0.026     0.024      0.907    3.642e-01
  2.80   2.90   Ross et al. 2013                0     0.000    -23.400   0.300      -6.001       -5.990     0.038    0.039     0.039    -0.012     -0.304    7.613e-01
  2.90   3.00   Ross et al. 2013                0     0.013    -27.600   0.300      -7.563       -7.949     0.365    0.451     0.408     0.386      0.947    3.439e-01
  2.90   3.00   Ross et al. 2013                0     0.013    -27.000   0.300      -7.642       -7.401     0.134    0.139     0.136    -0.241     -1.764    7.770e-02
  2.90   3.00   Ross et al. 2013                0     0.002    -26.400   0.300      -6.878       -6.950     0.050    0.051     0.051     0.072      1.428    1.534e-01
  2.90   3.00   Ross et al. 2013                0     0.000    -25.800   0.300      -6.641       -6.624     0.038    0.038     0.038    -0.017     -0.452    6.513e-01
  2.90   3.00   Ross et al. 2013                0     0.000    -25.200   0.300      -6.395       -6.392     0.031    0.031     0.031    -0.003     -0.087    9.308e-01
  2.90   3.00   Ross et al. 2013                0     0.000    -24.600   0.300      -6.187       -6.209     0.027    0.027     0.027     0.022      0.803    4.219e-01
  2.90   3.00   Ross et al. 2013                0     0.000    -24.000   0.300      -6.041       -6.045     0.028    0.028     0.028     0.004      0.139    8.898e-01
  2.90   3.00   Ross et al. 2013                0     0.000    -23.400   0.300      -5.896       -5.888     0.041    0.041     0.041    -0.008     -0.200    8.418e-01
  3.00   3.10   Ross et al. 2013                0     0.008    -27.600   0.300      -8.182       -8.221     0.518    0.763     0.641     0.039      0.061    9.516e-01
  3.00   3.10   Ross et al. 2013                0     0.001    -27.000   0.300      -7.544       -7.562     0.104    0.106     0.105     0.017      0.167    8.677e-01
  3.00   3.10   Ross et al. 2013                0     0.000    -26.400   0.300      -7.039       -7.014     0.054    0.055     0.055    -0.025     -0.455    6.494e-01
  3.00   3.10   Ross et al. 2013                0     0.000    -25.800   0.300      -6.639       -6.647     0.034    0.034     0.034     0.008      0.229    8.189e-01
  3.00   3.10   Ross et al. 2013                0     0.000    -25.200   0.300      -6.392       -6.423     0.027    0.027     0.027     0.030      1.136    2.560e-01
  3.00   3.10   Ross et al. 2013                0     0.000    -24.600   0.300      -6.282       -6.261     0.026    0.026     0.026    -0.020     -0.776    4.378e-01
  3.00   3.10   Ross et al. 2013                0     0.000    -24.000   0.300      -6.111       -6.119     0.030    0.030     0.030     0.008      0.279    7.803e-01
  3.00   3.10   Ross et al. 2013                0     0.000    -23.400   0.300      -5.950       -5.983     0.057    0.057     0.057     0.033      0.577    5.638e-01
  3.10   3.20   Ross et al. 2013                0     0.041    -27.600   0.300      -8.181       -7.827     0.365    0.451     0.408    -0.354     -0.868    3.852e-01
  3.10   3.20   Ross et al. 2013                0     0.009    -27.000   0.300      -7.374       -7.422     0.078    0.079     0.078     0.047      0.606    5.447e-01
  3.10   3.20   Ross et al. 2013                0     0.011    -26.400   0.300      -7.117       -7.054     0.055    0.056     0.055    -0.063     -1.146    2.520e-01
  3.10   3.20   Ross et al. 2013                0     0.004    -25.800   0.300      -6.740       -6.740     0.036    0.036     0.036     0.001      0.019    9.847e-01
  3.10   3.20   Ross et al. 2013                0     0.004    -25.200   0.300      -6.475       -6.491     0.027    0.027     0.027     0.017      0.611    5.412e-01
  3.10   3.20   Ross et al. 2013                0     0.005    -24.600   0.300      -6.324       -6.299     0.027    0.027     0.027    -0.025     -0.956    3.393e-01
  3.10   3.20   Ross et al. 2013                0     0.004    -24.000   0.300      -6.156       -6.145     0.035    0.035     0.035    -0.011     -0.321    7.485e-01
  3.10   3.20   Ross et al. 2013                1     1.000    -23.400   0.300      -5.559       -6.014     0.063    0.063     0.063     0.455      7.219    5.251e-13
  3.20   3.30   Ross et al. 2013                0     0.000    -27.600   0.300      -7.719       -7.792     0.174    0.184     0.179     0.073      0.407    6.843e-01
  3.20   3.30   Ross et al. 2013                0     0.000    -27.000   0.300      -7.568       -7.423     0.099    0.101     0.100    -0.145     -1.457    1.452e-01
  3.20   3.30   Ross et al. 2013                0     0.000    -26.400   0.300      -7.052       -7.125     0.052    0.052     0.052     0.073      1.399    1.617e-01
  3.20   3.30   Ross et al. 2013                0     0.000    -25.800   0.300      -6.829       -6.870     0.040    0.040     0.040     0.042      1.042    2.976e-01
  3.20   3.30   Ross et al. 2013                0     0.000    -25.200   0.300      -6.560       -6.637     0.030    0.030     0.030     0.077      2.574    1.006e-02
  3.20   3.30   Ross et al. 2013                0     0.000    -24.600   0.300      -6.422       -6.413     0.031    0.031     0.031    -0.009     -0.283    7.775e-01
  3.20   3.30   Ross et al. 2013                0     0.000    -24.000   0.300      -6.196       -6.193     0.040    0.041     0.041    -0.002     -0.057    9.549e-01
  3.20   3.30   Ross et al. 2013                0     0.000    -23.400   0.300      -5.737       -5.975     0.096    0.098     0.097     0.238      2.447    1.439e-02
  3.30   3.40   Ross et al. 2013                0     0.000    -27.600   0.300      -7.889       -7.861     0.203    0.219     0.211    -0.028     -0.132    8.953e-01
  3.30   3.40   Ross et al. 2013                0     0.000    -27.000   0.300      -7.520       -7.493     0.104    0.106     0.105    -0.027     -0.262    7.932e-01
  3.30   3.40   Ross et al. 2013                0     0.000    -26.400   0.300      -7.131       -7.186     0.063    0.063     0.063     0.055      0.868    3.856e-01
  3.30   3.40   Ross et al. 2013                0     0.000    -25.800   0.300      -6.802       -6.910     0.045    0.045     0.045     0.108      2.372    1.768e-02
  3.30   3.40   Ross et al. 2013                0     0.000    -25.200   0.300      -6.613       -6.647     0.038    0.038     0.038     0.034      0.882    3.775e-01
  3.30   3.40   Ross et al. 2013                0     0.000    -24.600   0.300      -6.348       -6.389     0.039    0.039     0.039     0.042      1.074    2.827e-01
  3.30   3.40   Ross et al. 2013                0     0.000    -24.000   0.300      -6.099       -6.134     0.065    0.066     0.066     0.035      0.537    5.916e-01
  3.30   3.40   Ross et al. 2013                0     0.000    -23.400   0.300      -5.298       -5.879     0.295    0.341     0.318     0.580      1.824    6.811e-02
  3.40   3.50   Ross et al. 2013                0     0.000    -27.600   0.300      -7.593       -7.648     0.203    0.219     0.211     0.055      0.260    7.946e-01
  3.40   3.50   Ross et al. 2013                0     0.001    -27.000   0.300      -7.483       -7.228     0.154    0.162     0.158    -0.255     -1.614    1.066e-01
  3.40   3.50   Ross et al. 2013                0     0.000    -26.400   0.300      -6.883       -6.919     0.073    0.073     0.073     0.035      0.481    6.302e-01
  3.40   3.50   Ross et al. 2013                0     0.000    -25.800   0.300      -6.717       -6.726     0.067    0.067     0.067     0.009      0.137    8.907e-01
  3.40   3.50   Ross et al. 2013                0     0.000    -25.200   0.300      -6.709       -6.610     0.080    0.081     0.081    -0.099     -1.228    2.196e-01
  3.40   3.50   Ross et al. 2013                0     0.000    -24.600   0.300      -6.590       -6.528     0.134    0.139     0.136    -0.062     -0.457    6.478e-01
  3.40   3.50   Ross et al. 2013                0     0.000    -24.000   0.300      -6.407       -6.459     0.295    0.341     0.318     0.052      0.165    8.690e-01
  3.70   4.10   Glikman et al. 2011             0     0.004    -25.500   0.500      -6.879       -7.252     0.518    0.763     0.641     0.373      0.582    5.604e-01
  3.70   4.10   Glikman et al. 2011             0     0.011    -24.500   0.500      -6.253       -6.881     0.253    0.283     0.268     0.628      2.343    1.914e-02
  3.70   4.10   Glikman et al. 2011             0     0.001    -23.500   0.500      -6.328       -6.512     0.295    0.341     0.318     0.184      0.578    5.632e-01
  3.70   4.10   Glikman et al. 2011             0     0.001    -22.500   0.500      -6.140       -6.144     0.365    0.451     0.408     0.003      0.008    9.935e-01
  3.70   4.10   Richards et al. 2006            0     0.019    -28.800   0.300      -9.891      -10.322     0.365    0.451     0.408     0.431      1.056    2.910e-01
  3.70   4.10   Richards et al. 2006            0     0.006    -28.200   0.300      -9.493       -9.379     0.224    0.246     0.235    -0.114     -0.485    6.278e-01
  3.70   4.10   Richards et al. 2006            0     0.001    -27.600   0.300      -8.569       -8.536     0.072    0.072     0.072    -0.033     -0.458    6.468e-01
  3.70   4.10   Richards et al. 2006            0     0.000    -27.000   0.300      -7.938       -7.949     0.034    0.034     0.034     0.011      0.325    7.449e-01
  3.70   4.10   Richards et al. 2006            0     0.000    -26.400   0.300      -7.597       -7.611     0.023    0.023     0.023     0.014      0.642    5.207e-01
  3.70   4.10   Richards et al. 2006            0     0.000    -25.800   0.300      -7.378       -7.366     0.018    0.018     0.018    -0.012     -0.659    5.102e-01
  4.10   4.70   Glikman et al. 2011             1     0.951    -25.500   0.500      -6.512       -7.357     0.224    0.246     0.235     0.844      3.593    3.270e-04
  4.10   4.70   Glikman et al. 2011             0     0.092    -24.500   0.500      -7.179       -6.795     0.518    0.763     0.641    -0.384     -0.600    5.488e-01
  4.10   4.70   Glikman et al. 2011             0     0.029    -23.500   0.500      -6.314       -6.261     0.224    0.246     0.235    -0.053     -0.224    8.224e-01
  4.10   4.70   Giallongo et al. 2015           0     0.031    -21.000   0.500      -4.624       -4.956     0.295    0.341     0.318     0.332      1.044    2.967e-01
  4.10   4.70   Giallongo et al. 2015           0     0.020    -20.000   0.500      -4.600       -4.436     0.295    0.341     0.318    -0.164     -0.516    6.060e-01
  4.10   4.70   Giallongo et al. 2015           0     0.010    -19.000   0.500      -3.823       -3.916     0.295    0.341     0.318     0.093      0.293    7.698e-01
  4.10   4.70   Richards et al. 2006            0     0.021    -28.800   0.300     -10.047       -9.960     0.365    0.451     0.408    -0.087     -0.213    8.310e-01
  4.10   4.70   Richards et al. 2006            0     0.014    -28.200   0.300      -9.445       -9.385     0.174    0.184     0.179    -0.060     -0.335    7.377e-01
  4.10   4.70   Richards et al. 2006            0     0.009    -27.600   0.300      -8.817       -8.846     0.080    0.081     0.081     0.030      0.371    7.109e-01
  4.10   4.70   Richards et al. 2006            0     0.007    -27.000   0.300      -8.327       -8.358     0.044    0.045     0.044     0.031      0.703    4.821e-01
  4.10   4.70   Richards et al. 2006            0     0.006    -26.400   0.300      -7.897       -7.924     0.027    0.027     0.027     0.027      1.007    3.138e-01
  4.10   4.70   Richards et al. 2006            1     1.000    -25.800   0.300      -7.826       -7.537     0.036    0.036     0.036    -0.290     -8.146    3.761e-16
  4.70   5.50   Glikman et al. 2011             0     0.112    -25.500   0.500      -6.938       -7.706     0.518    0.763     0.641     0.769      1.200    2.301e-01
  4.70   5.50   Glikman et al. 2011             0     0.069    -24.500   0.500      -6.660       -7.132     0.518    0.763     0.641     0.472      0.738    4.607e-01
  4.70   5.50   Giallongo et al. 2015           0     0.051    -22.500   1.000      -5.300       -6.008     0.518    0.763     0.641     0.708      1.105    2.693e-01
  4.70   5.50   Giallongo et al. 2015           0     0.018    -21.000   0.500      -4.799       -5.167     0.365    0.451     0.408     0.368      0.901    3.678e-01
  4.70   5.50   Giallongo et al. 2015           0     0.008    -20.000   0.500      -4.424       -4.606     0.295    0.341     0.318     0.182      0.573    5.663e-01
  4.70   5.50   Giallongo et al. 2015           0     0.026    -19.000   0.500      -4.627       -4.046     0.518    0.763     0.641    -0.581     -0.907    3.643e-01
  4.70   5.50   McGreer et al. 2013             1     0.950    -26.400   0.300      -8.064       -8.253     0.047    0.047     0.047     0.189      4.044    5.254e-05
  4.70   5.50   McGreer et al. 2013             1     0.993    -25.800   0.300      -8.377       -7.884     0.112    0.115     0.114    -0.494     -4.333    1.471e-05
  4.70   5.50   McGreer et al. 2013             0     0.019    -25.200   0.300      -7.432       -7.532     0.124    0.128     0.126     0.100      0.797    4.253e-01
  4.70   5.50   McGreer et al. 2013             0     0.012    -24.600   0.300      -7.246       -7.189     0.096    0.098     0.097    -0.057     -0.586    5.578e-01
  4.70   5.50   McGreer et al. 2013             0     0.169    -24.000   0.300      -7.240       -6.850     0.174    0.184     0.179    -0.390     -2.175    2.962e-02
  4.70   5.50   Yang et al. 2016                0     0.021    -28.800   0.300     -10.251      -10.265     0.365    0.451     0.408     0.014      0.034    9.732e-01
  4.70   5.50   Yang et al. 2016                0     0.013    -28.200   0.300      -9.657       -9.659     0.174    0.184     0.179     0.002      0.011    9.915e-01
  4.70   5.50   Yang et al. 2016                0     0.009    -27.600   0.300      -9.074       -9.121     0.084    0.085     0.085     0.048      0.562    5.741e-01
  4.70   5.50   Yang et al. 2016                0     0.007    -27.000   0.300      -8.677       -8.658     0.060    0.061     0.061    -0.019     -0.309    7.571e-01
  5.50   6.50   Giallongo et al. 2015           0     0.000    -20.000   0.500      -4.926       -5.455     0.365    0.451     0.408     0.529      1.297    1.946e-01
  5.50   6.50   Giallongo et al. 2015           0     0.000    -19.000   0.500      -4.750       -4.881     0.518    0.763     0.641     0.131      0.205    8.377e-01
  5.50   6.50   Willott et al. 2010             0     0.003    -26.400   0.900      -9.139       -9.130     0.295    0.341     0.318    -0.009     -0.030    9.763e-01
  5.50   6.50   Willott et al. 2010             0     0.001    -24.600   0.900      -8.106       -8.096     0.134    0.139     0.136    -0.010     -0.070    9.440e-01
  5.50   6.50   Willott et al. 2010             0     0.002    -22.800   0.900      -7.376       -7.063     0.518    0.763     0.641    -0.313     -0.489    6.251e-01
  5.50   6.50   Kashikawa et al. 2015           0     0.002    -23.400   0.300      -7.100       -7.407     0.518    0.763     0.641     0.307      0.479    6.316e-01
  5.50   6.50   Kashikawa et al. 2015           0     0.001    -22.800   0.300      -6.865       -7.063     0.518    0.763     0.641     0.198      0.309    7.571e-01
  5.50   6.50   Jiang et al. 2016               0     0.035    -30.000   0.900     -10.287      -11.223     0.518    0.763     0.641     0.935      1.460    1.443e-01
  5.50   6.50   Jiang et al. 2016               0     0.003    -28.200   0.900     -10.061      -10.164     0.154    0.162     0.158     0.103      0.652    5.143e-01
  5.50   6.50   Jiang et al. 2016               0     0.001    -26.400   0.900      -9.175       -9.130     0.089    0.090     0.090    -0.045     -0.507    6.120e-01
  5.50   6.50   Jiang et al. 2016               0     0.001    -24.600   0.900      -8.162       -8.096     0.174    0.184     0.179    -0.066     -0.368    7.128e-01
  6.50   8.50   UKIDSS DXS                      0     0.061    -27.600   0.300     -10.201       -9.881     0.518    0.763     0.641    -0.321     -0.501    6.164e-01
  6.50   8.50   UKIDSS DXS                      0     0.074    -26.400   0.300     -10.122       -9.590     0.518    0.763     0.641    -0.533     -0.832    4.056e-01
  6.50   8.50   Banados et al. 2016             0     0.060    -27.000   0.300     -10.070       -9.734     0.518    0.763     0.641    -0.336     -0.524    6.003e-01
