# Data from DESI_SV1
# Assumed K-correction to be 2.5
# Considering Area to be total area 14000
# Taking probability from paper
# counter  z     M1450  p       area    sample
        1  3.880 -29.49 0.23000 14000.00  25
        2  3.900 -29.65 0.23000 14000.00  25
        3  3.910 -29.49 0.23000 14000.00  25
        4  3.910 -29.37 0.23000 14000.00  25
        5  3.920 -30.10 0.23000 14000.00  25
        6  3.970 -29.73 0.23000 14000.00  25
        7  4.000 -30.37 0.23000 14000.00  25
        8  4.000 -29.19 0.23000 14000.00  25
        9  4.110 -29.24 0.23000 14000.00  25
       10  4.230 -29.92 0.23000 14000.00  25
       11  4.300 -30.52 0.23000 14000.00  25
       12  4.320 -29.18 0.23000 14000.00  25
       13  4.330 -31.66 0.23000 14000.00  25
       14  4.330 -30.37 0.23000 14000.00  25
       15  4.350 -29.48 0.23000 14000.00  25
       16  4.360 -29.80 0.23000 14000.00  25
       17  4.410 -30.65 0.23000 14000.00  25
       18  4.410 -29.84 0.23000 14000.00  25
       19  4.430 -31.28 0.23000 14000.00  25
       20  4.430 -30.51 0.23000 14000.00  25
       21  4.500 -32.45 0.23000 14000.00  25
       22  4.540 -30.76 0.23000 14000.00  25
       23  4.540 -29.35 0.23000 14000.00  25
       24  4.540 -29.45 0.23000 14000.00  25
       25  4.550 -29.54 0.23000 14000.00  25
       26  4.610 -30.98 0.23000 14000.00  25
       27  4.630 -30.27 0.23000 14000.00  25
       28  4.670 -29.31 0.23000 14000.00  25
       29  4.720 -30.00 0.23000 14000.00  25
       30  4.740 -30.27 0.23000 14000.00  25
       31  4.850 -29.57 0.39000 14000.00  25
       32  5.070 -30.40 0.39000 14000.00  25
       33  5.090 -29.68 0.39000 14000.00  25
       34  5.150 -29.78 0.39000 14000.00  25
       35  5.230 -30.28 0.39000 14000.00  25
       36  5.320 -29.95 0.39000 14000.00  25
       37  5.570 -30.47 0.23000 14000.00  25
       38  5.730 -31.21 0.08000 14000.00  25
