# Data from DESI_main_selection
# Assumed K-correction to be 2.5
# Considering Area to be total area 14000
# Taking probability from paper
# counter  z     M1450  p       area    sample
        1  4.400 -30.32 0.23000 14000.00  25
        2  4.500 -29.68 0.23000 14000.00  25
        3  4.600 -29.83 0.23000 14000.00  25
        4  4.600 -29.33 0.23000 14000.00  25
        5  4.600 -29.33 0.23000 14000.00  25
        6  4.600 -31.13 0.23000 14000.00  25
        7  4.600 -29.73 0.23000 14000.00  25
        8  4.600 -30.13 0.23000 14000.00  25
        9  4.600 -29.33 0.23000 14000.00  25
       10  4.600 -30.13 0.23000 14000.00  25
       11  4.700 -29.89 0.23000 14000.00  25
       12  4.700 -31.79 0.23000 14000.00  25
       13  4.700 -29.49 0.23000 14000.00  25
       14  4.700 -29.79 0.23000 14000.00  25
       15  4.700 -29.69 0.23000 14000.00  25
       16  4.700 -29.59 0.23000 14000.00  25
       17  4.700 -30.29 0.23000 14000.00  25
       18  4.700 -29.59 0.23000 14000.00  25
       19  4.700 -31.29 0.23000 14000.00  25
       20  4.700 -29.59 0.23000 14000.00  25
       21  4.700 -30.29 0.23000 14000.00  25
       22  4.700 -29.89 0.23000 14000.00  25
       23  4.700 -29.39 0.23000 14000.00  25
       24  4.700 -29.99 0.23000 14000.00  25
       25  4.700 -29.89 0.23000 14000.00  25
       26  4.700 -29.39 0.23000 14000.00  25
       27  4.700 -30.29 0.23000 14000.00  25
       28  4.700 -29.39 0.23000 14000.00  25
       29  4.700 -30.09 0.23000 14000.00  25
       30  4.700 -29.59 0.23000 14000.00  25
       31  4.700 -29.39 0.23000 14000.00  25
       32  4.700 -29.59 0.23000 14000.00  25
       33  4.700 -29.69 0.23000 14000.00  25
       34  4.700 -29.59 0.23000 14000.00  25
       35  4.700 -29.49 0.23000 14000.00  25
       36  4.800 -29.44 0.23000 14000.00  25
       37  4.800 -29.54 0.23000 14000.00  25
       38  4.800 -30.74 0.23000 14000.00  25
       39  4.800 -30.94 0.23000 14000.00  25
       40  4.800 -29.74 0.23000 14000.00  25
       41  4.800 -29.54 0.23000 14000.00  25
       42  4.800 -30.54 0.23000 14000.00  25
       43  4.800 -29.74 0.23000 14000.00  25
       44  4.800 -29.74 0.23000 14000.00  25
       45  4.800 -29.84 0.23000 14000.00  25
       46  4.800 -29.84 0.23000 14000.00  25
       47  4.800 -29.64 0.23000 14000.00  25
       48  4.800 -29.64 0.23000 14000.00  25
       49  4.800 -29.44 0.23000 14000.00  25
       50  4.800 -29.44 0.23000 14000.00  25
       51  4.800 -29.84 0.23000 14000.00  25
       52  4.800 -29.84 0.23000 14000.00  25
       53  4.800 -30.44 0.23000 14000.00  25
       54  4.800 -29.54 0.23000 14000.00  25
       55  4.800 -31.04 0.23000 14000.00  25
       56  4.800 -30.84 0.23000 14000.00  25
       57  4.800 -29.84 0.23000 14000.00  25
       58  4.800 -29.84 0.23000 14000.00  25
       59  4.800 -29.94 0.23000 14000.00  25
       60  4.800 -29.94 0.23000 14000.00  25
       61  4.800 -30.84 0.23000 14000.00  25
       62  4.800 -31.04 0.23000 14000.00  25
       63  4.800 -30.04 0.23000 14000.00  25
       64  4.800 -29.74 0.23000 14000.00  25
       65  4.800 -29.94 0.23000 14000.00  25
       66  4.800 -29.44 0.23000 14000.00  25
       67  4.800 -29.64 0.23000 14000.00  25
       68  4.800 -29.74 0.23000 14000.00  25
       69  4.800 -30.54 0.23000 14000.00  25
       70  4.800 -29.44 0.23000 14000.00  25
       71  4.800 -30.54 0.23000 14000.00  25
       72  4.800 -30.44 0.23000 14000.00  25
       73  4.800 -29.84 0.23000 14000.00  25
       74  4.800 -30.44 0.23000 14000.00  25
       75  4.800 -29.94 0.23000 14000.00  25
       76  4.800 -29.74 0.23000 14000.00  25
       77  4.800 -30.14 0.23000 14000.00  25
       78  4.800 -31.04 0.23000 14000.00  25
       79  4.800 -29.74 0.23000 14000.00  25
       80  4.800 -29.84 0.23000 14000.00  25
       81  4.800 -30.74 0.23000 14000.00  25
       82  4.800 -29.44 0.23000 14000.00  25
       83  4.800 -30.24 0.23000 14000.00  25
       84  4.800 -30.04 0.23000 14000.00  25
       85  4.800 -29.94 0.23000 14000.00  25
       86  4.800 -31.04 0.23000 14000.00  25
       87  4.800 -29.44 0.23000 14000.00  25
       88  4.800 -29.54 0.23000 14000.00  25
       89  4.800 -29.84 0.23000 14000.00  25
       90  4.800 -30.44 0.23000 14000.00  25
       91  4.800 -29.54 0.23000 14000.00  25
       92  4.800 -30.64 0.23000 14000.00  25
       93  4.800 -30.74 0.23000 14000.00  25
       94  4.800 -29.44 0.23000 14000.00  25
       95  4.800 -29.84 0.23000 14000.00  25
       96  4.800 -30.54 0.23000 14000.00  25
       97  4.800 -29.64 0.23000 14000.00  25
       98  4.800 -30.94 0.23000 14000.00  25
       99  4.800 -29.54 0.23000 14000.00  25
      100  4.800 -29.74 0.23000 14000.00  25
      101  4.800 -29.64 0.23000 14000.00  25
      102  4.800 -29.84 0.23000 14000.00  25
      103  4.800 -29.84 0.23000 14000.00  25
      104  4.800 -30.54 0.23000 14000.00  25
      105  4.800 -29.84 0.23000 14000.00  25
      106  4.800 -30.24 0.23000 14000.00  25
      107  4.800 -29.94 0.23000 14000.00  25
      108  4.800 -29.94 0.23000 14000.00  25
      109  4.800 -29.64 0.23000 14000.00  25
      110  4.800 -29.94 0.23000 14000.00  25
      111  4.800 -29.64 0.23000 14000.00  25
      112  4.800 -29.84 0.23000 14000.00  25
      113  4.900 -29.59 0.39000 14000.00  25
      114  4.900 -29.99 0.39000 14000.00  25
      115  4.900 -31.19 0.39000 14000.00  25
      116  4.900 -29.59 0.39000 14000.00  25
      117  4.900 -30.19 0.39000 14000.00  25
      118  4.900 -29.59 0.39000 14000.00  25
      119  4.900 -29.59 0.39000 14000.00  25
      120  4.900 -29.79 0.39000 14000.00  25
      121  4.900 -30.79 0.39000 14000.00  25
      122  4.900 -29.49 0.39000 14000.00  25
      123  4.900 -29.79 0.39000 14000.00  25
      124  4.900 -30.49 0.39000 14000.00  25
      125  4.900 -29.89 0.39000 14000.00  25
      126  4.900 -29.69 0.39000 14000.00  25
      127  4.900 -30.29 0.39000 14000.00  25
      128  4.900 -29.99 0.39000 14000.00  25
      129  4.900 -29.89 0.39000 14000.00  25
      130  4.900 -29.69 0.39000 14000.00  25
      131  4.900 -30.79 0.39000 14000.00  25
      132  4.900 -29.89 0.39000 14000.00  25
      133  4.900 -30.19 0.39000 14000.00  25
      134  4.900 -30.19 0.39000 14000.00  25
      135  4.900 -29.49 0.39000 14000.00  25
      136  4.900 -30.09 0.39000 14000.00  25
      137  4.900 -30.49 0.39000 14000.00  25
      138  4.900 -29.79 0.39000 14000.00  25
      139  4.900 -30.79 0.39000 14000.00  25
      140  4.900 -30.09 0.39000 14000.00  25
      141  4.900 -30.89 0.39000 14000.00  25
      142  4.900 -29.99 0.39000 14000.00  25
      143  4.900 -30.39 0.39000 14000.00  25
      144  4.900 -30.29 0.39000 14000.00  25
      145  4.900 -29.99 0.39000 14000.00  25
      146  4.900 -29.79 0.39000 14000.00  25
      147  4.900 -30.69 0.39000 14000.00  25
      148  4.900 -29.69 0.39000 14000.00  25
      149  4.900 -29.89 0.39000 14000.00  25
      150  4.900 -30.69 0.39000 14000.00  25
      151  4.900 -29.79 0.39000 14000.00  25
      152  4.900 -30.09 0.39000 14000.00  25
      153  4.900 -29.49 0.39000 14000.00  25
      154  4.900 -30.39 0.39000 14000.00  25
      155  4.900 -29.89 0.39000 14000.00  25
      156  4.900 -30.59 0.39000 14000.00  25
      157  4.900 -29.99 0.39000 14000.00  25
      158  4.900 -29.89 0.39000 14000.00  25
      159  4.900 -29.59 0.39000 14000.00  25
      160  4.900 -31.29 0.39000 14000.00  25
      161  4.900 -31.39 0.39000 14000.00  25
      162  4.900 -30.09 0.39000 14000.00  25
      163  4.900 -30.99 0.39000 14000.00  25
      164  4.900 -30.39 0.39000 14000.00  25
      165  4.900 -29.69 0.39000 14000.00  25
      166  4.900 -30.09 0.39000 14000.00  25
      167  4.900 -31.09 0.39000 14000.00  25
      168  4.900 -30.09 0.39000 14000.00  25
      169  4.900 -30.59 0.39000 14000.00  25
      170  4.900 -29.79 0.39000 14000.00  25
      171  4.900 -29.89 0.39000 14000.00  25
      172  4.900 -30.09 0.39000 14000.00  25
      173  4.900 -30.89 0.39000 14000.00  25
      174  4.900 -30.99 0.39000 14000.00  25
      175  4.900 -29.79 0.39000 14000.00  25
      176  4.900 -30.19 0.39000 14000.00  25
      177  4.900 -30.89 0.39000 14000.00  25
      178  4.900 -30.39 0.39000 14000.00  25
      179  4.900 -29.79 0.39000 14000.00  25
      180  4.900 -29.89 0.39000 14000.00  25
      181  4.900 -29.89 0.39000 14000.00  25
      182  4.900 -29.89 0.39000 14000.00  25
      183  4.900 -29.49 0.39000 14000.00  25
      184  4.900 -31.19 0.39000 14000.00  25
      185  4.900 -29.89 0.39000 14000.00  25
      186  4.900 -30.29 0.39000 14000.00  25
      187  4.900 -30.59 0.39000 14000.00  25
      188  4.900 -30.39 0.39000 14000.00  25
      189  4.900 -30.49 0.39000 14000.00  25
      190  4.900 -30.39 0.39000 14000.00  25
      191  5.000 -30.64 0.39000 14000.00  25
      192  5.000 -30.34 0.39000 14000.00  25
      193  5.000 -29.74 0.39000 14000.00  25
      194  5.000 -29.94 0.39000 14000.00  25
      195  5.000 -30.14 0.39000 14000.00  25
      196  5.000 -29.94 0.39000 14000.00  25
      197  5.000 -30.74 0.39000 14000.00  25
      198  5.000 -30.74 0.39000 14000.00  25
      199  5.000 -29.64 0.39000 14000.00  25
      200  5.000 -31.44 0.39000 14000.00  25
      201  5.000 -29.84 0.39000 14000.00  25
      202  5.000 -30.04 0.39000 14000.00  25
      203  5.000 -31.54 0.39000 14000.00  25
      204  5.000 -30.24 0.39000 14000.00  25
      205  5.000 -29.74 0.39000 14000.00  25
      206  5.000 -30.24 0.39000 14000.00  25
      207  5.000 -30.94 0.39000 14000.00  25
      208  5.000 -30.94 0.39000 14000.00  25
      209  5.000 -29.94 0.39000 14000.00  25
      210  5.000 -30.84 0.39000 14000.00  25
      211  5.000 -31.84 0.39000 14000.00  25
      212  5.000 -31.04 0.39000 14000.00  25
      213  5.000 -30.04 0.39000 14000.00  25
      214  5.000 -30.34 0.39000 14000.00  25
      215  5.000 -30.64 0.39000 14000.00  25
      216  5.000 -30.64 0.39000 14000.00  25
      217  5.000 -30.24 0.39000 14000.00  25
      218  5.000 -29.84 0.39000 14000.00  25
      219  5.000 -30.44 0.39000 14000.00  25
      220  5.000 -30.34 0.39000 14000.00  25
      221  5.000 -30.04 0.39000 14000.00  25
      222  5.000 -29.64 0.39000 14000.00  25
      223  5.000 -29.84 0.39000 14000.00  25
      224  5.000 -29.54 0.39000 14000.00  25
      225  5.000 -30.34 0.39000 14000.00  25
      226  5.000 -31.54 0.39000 14000.00  25
      227  5.000 -29.64 0.39000 14000.00  25
      228  5.000 -29.94 0.39000 14000.00  25
      229  5.000 -29.64 0.39000 14000.00  25
      230  5.000 -30.34 0.39000 14000.00  25
      231  5.000 -30.24 0.39000 14000.00  25
      232  5.000 -30.34 0.39000 14000.00  25
      233  5.000 -30.84 0.39000 14000.00  25
      234  5.000 -29.84 0.39000 14000.00  25
      235  5.000 -30.44 0.39000 14000.00  25
      236  5.000 -30.94 0.39000 14000.00  25
      237  5.000 -30.04 0.39000 14000.00  25
      238  5.000 -30.54 0.39000 14000.00  25
      239  5.000 -30.14 0.39000 14000.00  25
      240  5.000 -29.84 0.39000 14000.00  25
      241  5.000 -29.54 0.39000 14000.00  25
      242  5.000 -30.24 0.39000 14000.00  25
      243  5.000 -30.04 0.39000 14000.00  25
      244  5.000 -29.64 0.39000 14000.00  25
      245  5.000 -30.44 0.39000 14000.00  25
      246  5.000 -29.64 0.39000 14000.00  25
      247  5.000 -30.64 0.39000 14000.00  25
      248  5.000 -29.54 0.39000 14000.00  25
      249  5.000 -30.84 0.39000 14000.00  25
      250  5.000 -29.44 0.39000 14000.00  25
      251  5.000 -29.94 0.39000 14000.00  25
      252  5.000 -30.14 0.39000 14000.00  25
      253  5.000 -30.44 0.39000 14000.00  25
      254  5.000 -30.14 0.39000 14000.00  25
      255  5.000 -29.94 0.39000 14000.00  25
      256  5.100 -30.09 0.39000 14000.00  25
      257  5.100 -30.89 0.39000 14000.00  25
      258  5.100 -30.39 0.39000 14000.00  25
      259  5.100 -29.79 0.39000 14000.00  25
      260  5.100 -29.99 0.39000 14000.00  25
      261  5.100 -29.59 0.39000 14000.00  25
      262  5.100 -29.99 0.39000 14000.00  25
      263  5.100 -30.09 0.39000 14000.00  25
      264  5.100 -29.79 0.39000 14000.00  25
      265  5.100 -30.19 0.39000 14000.00  25
      266  5.100 -30.99 0.39000 14000.00  25
      267  5.100 -30.29 0.39000 14000.00  25
      268  5.100 -29.69 0.39000 14000.00  25
      269  5.100 -29.79 0.39000 14000.00  25
      270  5.100 -30.69 0.39000 14000.00  25
      271  5.100 -30.39 0.39000 14000.00  25
      272  5.100 -30.79 0.39000 14000.00  25
      273  5.100 -30.39 0.39000 14000.00  25
      274  5.100 -29.69 0.39000 14000.00  25
      275  5.100 -29.89 0.39000 14000.00  25
      276  5.100 -29.89 0.39000 14000.00  25
      277  5.100 -29.79 0.39000 14000.00  25
      278  5.100 -29.69 0.39000 14000.00  25
      279  5.100 -29.59 0.39000 14000.00  25
      280  5.100 -30.79 0.39000 14000.00  25
      281  5.100 -30.89 0.39000 14000.00  25
      282  5.100 -30.79 0.39000 14000.00  25
      283  5.100 -31.39 0.39000 14000.00  25
      284  5.100 -29.59 0.39000 14000.00  25
      285  5.100 -30.39 0.39000 14000.00  25
      286  5.100 -30.79 0.39000 14000.00  25
      287  5.100 -31.29 0.39000 14000.00  25
      288  5.100 -30.29 0.39000 14000.00  25
      289  5.100 -31.29 0.39000 14000.00  25
      290  5.100 -30.79 0.39000 14000.00  25
      291  5.100 -30.99 0.39000 14000.00  25
      292  5.100 -30.59 0.39000 14000.00  25
      293  5.100 -30.49 0.39000 14000.00  25
      294  5.100 -30.09 0.39000 14000.00  25
      295  5.100 -29.59 0.39000 14000.00  25
      296  5.100 -30.69 0.39000 14000.00  25
      297  5.100 -30.09 0.39000 14000.00  25
      298  5.100 -30.39 0.39000 14000.00  25
      299  5.100 -30.79 0.39000 14000.00  25
      300  5.100 -30.09 0.39000 14000.00  25
      301  5.100 -31.69 0.39000 14000.00  25
      302  5.100 -29.59 0.39000 14000.00  25
      303  5.100 -30.29 0.39000 14000.00  25
      304  5.200 -31.44 0.39000 14000.00  25
      305  5.200 -30.24 0.39000 14000.00  25
      306  5.200 -30.94 0.39000 14000.00  25
      307  5.200 -29.94 0.39000 14000.00  25
      308  5.200 -30.54 0.39000 14000.00  25
      309  5.200 -29.64 0.39000 14000.00  25
      310  5.200 -30.44 0.39000 14000.00  25
      311  5.200 -30.04 0.39000 14000.00  25
      312  5.200 -30.94 0.39000 14000.00  25
      313  5.200 -29.74 0.39000 14000.00  25
      314  5.200 -31.24 0.39000 14000.00  25
      315  5.200 -30.34 0.39000 14000.00  25
      316  5.200 -30.24 0.39000 14000.00  25
      317  5.200 -30.54 0.39000 14000.00  25
      318  5.200 -29.74 0.39000 14000.00  25
      319  5.200 -30.74 0.39000 14000.00  25
      320  5.200 -30.24 0.39000 14000.00  25
      321  5.200 -30.24 0.39000 14000.00  25
      322  5.200 -29.74 0.39000 14000.00  25
      323  5.200 -29.94 0.39000 14000.00  25
      324  5.200 -30.04 0.39000 14000.00  25
      325  5.200 -30.04 0.39000 14000.00  25
      326  5.200 -30.24 0.39000 14000.00  25
      327  5.200 -30.74 0.39000 14000.00  25
      328  5.200 -30.04 0.39000 14000.00  25
      329  5.200 -31.74 0.39000 14000.00  25
      330  5.200 -30.84 0.39000 14000.00  25
      331  5.200 -30.44 0.39000 14000.00  25
      332  5.300 -30.39 0.39000 14000.00  25
      333  5.300 -30.79 0.39000 14000.00  25
      334  5.300 -30.19 0.39000 14000.00  25
      335  5.300 -30.59 0.39000 14000.00  25
      336  5.300 -30.09 0.39000 14000.00  25
      337  5.300 -29.69 0.39000 14000.00  25
      338  5.300 -29.99 0.39000 14000.00  25
      339  5.300 -29.79 0.39000 14000.00  25
      340  5.300 -31.29 0.39000 14000.00  25
      341  5.300 -29.79 0.39000 14000.00  25
      342  5.300 -31.39 0.39000 14000.00  25
      343  5.300 -30.09 0.39000 14000.00  25
      344  5.300 -30.49 0.39000 14000.00  25
      345  5.300 -30.59 0.39000 14000.00  25
      346  5.300 -31.09 0.39000 14000.00  25
      347  5.300 -30.89 0.39000 14000.00  25
      348  5.300 -30.49 0.39000 14000.00  25
      349  5.300 -30.59 0.39000 14000.00  25
      350  5.300 -30.09 0.39000 14000.00  25
      351  5.300 -30.39 0.39000 14000.00  25
      352  5.300 -30.49 0.39000 14000.00  25
      353  5.400 -29.74 0.23000 14000.00  25
      354  5.400 -29.74 0.23000 14000.00  25
      355  5.400 -31.24 0.23000 14000.00  25
      356  5.400 -30.24 0.23000 14000.00  25
      357  5.400 -30.04 0.23000 14000.00  25
      358  5.400 -30.54 0.23000 14000.00  25
      359  5.400 -29.94 0.23000 14000.00  25
      360  5.400 -30.94 0.23000 14000.00  25
      361  5.500 -31.09 0.23000 14000.00  25
      362  5.500 -30.59 0.23000 14000.00  25
      363  5.500 -30.19 0.23000 14000.00  25
      364  5.500 -29.99 0.23000 14000.00  25
      365  5.500 -30.19 0.23000 14000.00  25
      366  5.500 -30.39 0.23000 14000.00  25
      367  5.500 -30.49 0.23000 14000.00  25
      368  5.500 -30.49 0.23000 14000.00  25
      369  5.600 -29.83 0.23000 14000.00  25
      370  5.700 -30.18 0.23000 14000.00  25
      371  5.700 -29.98 0.23000 14000.00  25
      372  5.700 -30.68 0.23000 14000.00  25
      373  5.700 -30.18 0.23000 14000.00  25
      374  5.700 -29.78 0.23000 14000.00  25
      375  5.800 -29.92 0.08000 14000.00  25
      376  5.800 -29.92 0.08000 14000.00  25
      377  5.800 -29.82 0.08000 14000.00  25
      378  5.800 -30.12 0.08000 14000.00  25
      379  5.800 -29.92 0.08000 14000.00  25
      380  5.900 -30.76 0.08000 14000.00  25
      381  5.900 -29.96 0.08000 14000.00  25
      382  5.900 -30.36 0.08000 14000.00  25
      383  5.900 -30.06 0.08000 14000.00  25
      384  5.900 -30.36 0.08000 14000.00  25
      385  5.900 -30.96 0.08000 14000.00  25
      386  5.900 -30.16 0.08000 14000.00  25
      387  5.900 -30.16 0.08000 14000.00  25
      388  6.000 -30.21 0.08000 14000.00  25
      389  6.000 -30.81 0.08000 14000.00  25
      390  6.000 -29.91 0.08000 14000.00  25
      391  6.000 -30.11 0.08000 14000.00  25
      392  6.000 -31.01 0.08000 14000.00  25
      393  6.000 -30.61 0.08000 14000.00  25
      394  6.000 -30.61 0.08000 14000.00  25
      395  6.000 -30.41 0.08000 14000.00  25
      396  6.000 -30.51 0.08000 14000.00  25
      397  6.100 -30.05 0.08000 14000.00  25
      398  6.100 -29.95 0.08000 14000.00  25
      399  6.100 -30.85 0.08000 14000.00  25
      400  6.100 -31.55 0.08000 14000.00  25
      401  6.100 -30.35 0.08000 14000.00  25
      402  6.100 -30.45 0.08000 14000.00  25
      403  6.100 -30.45 0.08000 14000.00  25
      404  6.100 -30.35 0.08000 14000.00  25
      405  6.200 -30.89 0.08000 14000.00  25
      406  6.200 -30.59 0.08000 14000.00  25
      407  6.200 -30.19 0.08000 14000.00  25
      408  6.200 -30.49 0.08000 14000.00  25
      409  6.300 -31.03 0.08000 14000.00  25
      410  6.400 -30.07 0.08000 14000.00  25
      411  6.500 -30.81 0.05000 14000.00  25
      412  6.500 -30.31 0.05000 14000.00  25
