# Using z_tolerance = 0.0001 and mag_tolerance = 0.0000
    1  4.742  -19.90  0.00000  0.0500  0.050
    2  4.742  -19.85  0.00000  0.0500  0.050
    3  4.742  -19.80  0.00000  0.0500  0.050
    4  4.742  -19.75  0.00000  0.0500  0.050
    5  4.742  -19.70  0.00000  0.0500  0.050
    6  4.742  -19.65  0.00000  0.0500  0.050
    7  4.742  -19.60  0.00000  0.0500  0.050
    8  4.742  -19.55  0.00000  0.0500  0.050
    9  4.742  -19.50  0.00000  0.0500  0.050
   10  4.742  -19.45  0.00000  0.0500  0.050
   11  4.742  -19.40  0.00000  0.0500  0.050
   12  4.742  -19.35  0.00000  0.0500  0.050
   13  4.742  -19.30  0.00000  0.0500  0.050
   14  4.742  -19.25  0.00000  0.0500  0.050
   15  4.742  -19.20  0.00000  0.0500  0.050
   16  4.742  -19.15  0.00000  0.0500  0.050
   17  4.742  -19.10  0.00000  0.0500  0.050
   18  4.742  -19.05  0.00000  0.0500  0.050
   19  4.742  -19.00  0.00000  0.0500  0.050
   20  4.742  -18.95  0.00000  0.0500  0.050
   21  4.792  -19.90  0.00000  0.0500  0.050
   22  4.792  -19.85  0.00000  0.0500  0.050
   23  4.792  -19.80  0.00000  0.0500  0.050
   24  4.792  -19.75  0.00000  0.0500  0.050
   25  4.792  -19.70  0.00000  0.0500  0.050
   26  4.792  -19.65  0.00000  0.0500  0.050
   27  4.792  -19.60  0.00000  0.0500  0.050
   28  4.792  -19.55  0.00000  0.0500  0.050
   29  4.792  -19.50  0.00000  0.0500  0.050
   30  4.792  -19.45  0.00000  0.0500  0.050
   31  4.792  -19.40  0.00000  0.0500  0.050
   32  4.792  -19.35  0.00000  0.0500  0.050
   33  4.792  -19.30  0.00000  0.0500  0.050
   34  4.792  -19.25  0.00000  0.0500  0.050
   35  4.792  -19.20  0.00000  0.0500  0.050
   36  4.792  -19.15  0.00000  0.0500  0.050
   37  4.792  -19.10  0.00000  0.0500  0.050
   38  4.792  -19.05  0.00000  0.0500  0.050
   39  4.792  -19.00  0.00000  0.0500  0.050
   40  4.792  -18.95  0.00000  0.0500  0.050
   41  4.842  -19.90  0.00000  0.0500  0.050
   42  4.842  -19.85  0.00000  0.0500  0.050
   43  4.842  -19.80  0.00000  0.0500  0.050
   44  4.842  -19.75  0.00000  0.0500  0.050
   45  4.842  -19.70  0.00000  0.0500  0.050
   46  4.842  -19.65  0.00000  0.0500  0.050
   47  4.842  -19.60  0.00000  0.0500  0.050
   48  4.842  -19.55  0.00000  0.0500  0.050
   49  4.842  -19.50  0.00000  0.0500  0.050
   50  4.842  -19.45  0.00000  0.0500  0.050
   51  4.842  -19.40  0.00000  0.0500  0.050
   52  4.842  -19.35  0.00000  0.0500  0.050
   53  4.842  -19.30  0.00000  0.0500  0.050
   54  4.842  -19.25  0.00000  0.0500  0.050
   55  4.842  -19.20  0.00000  0.0500  0.050
   56  4.842  -19.15  0.00000  0.0500  0.050
   57  4.842  -19.10  0.00000  0.0500  0.050
   58  4.842  -19.05  0.00000  0.0500  0.050
   59  4.842  -19.00  0.00000  0.0500  0.050
   60  4.842  -18.95  0.00000  0.0500  0.050
   61  4.892  -19.90  0.00000  0.0500  0.050
   62  4.892  -19.85  0.00000  0.0500  0.050
   63  4.892  -19.80  0.00000  0.0500  0.050
   64  4.892  -19.75  0.00000  0.0500  0.050
   65  4.892  -19.70  0.00000  0.0500  0.050
   66  4.892  -19.65  0.00000  0.0500  0.050
   67  4.892  -19.60  0.00000  0.0500  0.050
   68  4.892  -19.55  0.00000  0.0500  0.050
   69  4.892  -19.50  0.00000  0.0500  0.050
   70  4.892  -19.45  0.00000  0.0500  0.050
   71  4.892  -19.40  0.00000  0.0500  0.050
   72  4.892  -19.35  0.00000  0.0500  0.050
   73  4.892  -19.30  0.00000  0.0500  0.050
   74  4.892  -19.25  0.00000  0.0500  0.050
   75  4.892  -19.20  0.00000  0.0500  0.050
   76  4.892  -19.15  0.00000  0.0500  0.050
   77  4.892  -19.10  0.00000  0.0500  0.050
   78  4.892  -19.05  0.00000  0.0500  0.050
   79  4.892  -19.00  0.00000  0.0500  0.050
   80  4.892  -18.95  0.00000  0.0500  0.050
   81  4.942  -19.90  0.00000  0.0500  0.050
   82  4.942  -19.85  0.00000  0.0500  0.050
   83  4.942  -19.80  0.00000  0.0500  0.050
   84  4.942  -19.75  0.00000  0.0500  0.050
   85  4.942  -19.70  0.00000  0.0500  0.050
   86  4.942  -19.65  0.00000  0.0500  0.050
   87  4.942  -19.60  0.00000  0.0500  0.050
   88  4.942  -19.55  0.00000  0.0500  0.050
   89  4.942  -19.50  0.00000  0.0500  0.050
   90  4.942  -19.45  0.00000  0.0500  0.050
   91  4.942  -19.40  0.00000  0.0500  0.050
   92  4.942  -19.35  0.00000  0.0500  0.050
   93  4.942  -19.30  0.00000  0.0500  0.050
   94  4.942  -19.25  0.00000  0.0500  0.050
   95  4.942  -19.20  0.00000  0.0500  0.050
   96  4.942  -19.15  0.00000  0.0500  0.050
   97  4.942  -19.10  0.00000  0.0500  0.050
   98  4.942  -19.05  0.00000  0.0500  0.050
   99  4.942  -19.00  0.00000  0.0500  0.050
  100  4.942  -18.95  0.00000  0.0500  0.050
  101  4.992  -19.90  0.00000  0.0500  0.050
  102  4.992  -19.85  0.00000  0.0500  0.050
  103  4.992  -19.80  0.00000  0.0500  0.050
  104  4.992  -19.75  0.00000  0.0500  0.050
  105  4.992  -19.70  0.00000  0.0500  0.050
  106  4.992  -19.65  0.00000  0.0500  0.050
  107  4.992  -19.60  0.00000  0.0500  0.050
  108  4.992  -19.55  0.00000  0.0500  0.050
  109  4.992  -19.50  0.00000  0.0500  0.050
  110  4.992  -19.45  0.00000  0.0500  0.050
  111  4.992  -19.40  0.00000  0.0500  0.050
  112  4.992  -19.35  0.00000  0.0500  0.050
  113  4.992  -19.30  0.00000  0.0500  0.050
  114  4.992  -19.25  0.00000  0.0500  0.050
  115  4.992  -19.20  0.00000  0.0500  0.050
  116  4.992  -19.15  0.00000  0.0500  0.050
  117  4.992  -19.10  0.00000  0.0500  0.050
  118  4.992  -19.05  0.00000  0.0500  0.050
  119  4.992  -19.00  0.00000  0.0500  0.050
  120  4.992  -18.95  0.00000  0.0500  0.050
  121  5.042  -19.90  0.00000  0.0500  0.050
  122  5.042  -19.85  0.00000  0.0500  0.050
  123  5.042  -19.80  0.00000  0.0500  0.050
  124  5.042  -19.75  0.00000  0.0500  0.050
  125  5.042  -19.70  0.00000  0.0500  0.050
  126  5.042  -19.65  0.00000  0.0500  0.050
  127  5.042  -19.60  0.00000  0.0500  0.050
  128  5.042  -19.55  0.00000  0.0500  0.050
  129  5.042  -19.50  0.00000  0.0500  0.050
  130  5.042  -19.45  0.00000  0.0500  0.050
  131  5.042  -19.40  0.00000  0.0500  0.050
  132  5.042  -19.35  0.00000  0.0500  0.050
  133  5.042  -19.30  0.00000  0.0500  0.050
  134  5.042  -19.25  0.00000  0.0500  0.050
  135  5.042  -19.20  0.00000  0.0500  0.050
  136  5.042  -19.15  0.00000  0.0500  0.050
  137  5.042  -19.10  0.00000  0.0500  0.050
  138  5.042  -19.05  0.00000  0.0500  0.050
  139  5.042  -19.00  0.00000  0.0500  0.050
  140  5.042  -18.95  0.00000  0.0500  0.050
  141  5.092  -19.90  0.00000  0.0500  0.050
  142  5.092  -19.85  0.00000  0.0500  0.050
  143  5.092  -19.80  0.00000  0.0500  0.050
  144  5.092  -19.75  0.00000  0.0500  0.050
  145  5.092  -19.70  0.00000  0.0500  0.050
  146  5.092  -19.65  0.00000  0.0500  0.050
  147  5.092  -19.60  0.00000  0.0500  0.050
  148  5.092  -19.55  0.00000  0.0500  0.050
  149  5.092  -19.50  0.00000  0.0500  0.050
  150  5.092  -19.45  0.00000  0.0500  0.050
  151  5.092  -19.40  0.00000  0.0500  0.050
  152  5.092  -19.35  0.00000  0.0500  0.050
  153  5.092  -19.30  0.00000  0.0500  0.050
  154  5.092  -19.25  0.00000  0.0500  0.050
  155  5.092  -19.20  0.00000  0.0500  0.050
  156  5.092  -19.15  0.00000  0.0500  0.050
  157  5.092  -19.10  0.00000  0.0500  0.050
  158  5.092  -19.05  0.00000  0.0500  0.050
  159  5.092  -19.00  0.00000  0.0500  0.050
  160  5.092  -18.95  0.00000  0.0500  0.050
  161  5.142  -19.90  0.00000  0.0500  0.050
  162  5.142  -19.85  0.00000  0.0500  0.050
  163  5.142  -19.80  0.00000  0.0500  0.050
  164  5.142  -19.75  0.00000  0.0500  0.050
  165  5.142  -19.70  0.00000  0.0500  0.050
  166  5.142  -19.65  0.00000  0.0500  0.050
  167  5.142  -19.60  0.00000  0.0500  0.050
  168  5.142  -19.55  0.00000  0.0500  0.050
  169  5.142  -19.50  0.00000  0.0500  0.050
  170  5.142  -19.45  0.00000  0.0500  0.050
  171  5.142  -19.40  0.00000  0.0500  0.050
  172  5.142  -19.35  0.00000  0.0500  0.050
  173  5.142  -19.30  0.00000  0.0500  0.050
  174  5.142  -19.25  0.00000  0.0500  0.050
  175  5.142  -19.20  0.00000  0.0500  0.050
  176  5.142  -19.15  0.00000  0.0500  0.050
  177  5.142  -19.10  0.00000  0.0500  0.050
  178  5.142  -19.05  0.00000  0.0500  0.050
  179  5.142  -19.00  0.00000  0.0500  0.050
  180  5.142  -18.95  0.00000  0.0500  0.050
  181  5.192  -19.90  0.00000  0.0500  0.050
  182  5.192  -19.85  0.00000  0.0500  0.050
  183  5.192  -19.80  0.00000  0.0500  0.050
  184  5.192  -19.75  0.00000  0.0500  0.050
  185  5.192  -19.70  0.00000  0.0500  0.050
  186  5.192  -19.65  0.00000  0.0500  0.050
  187  5.192  -19.60  0.00000  0.0500  0.050
  188  5.192  -19.55  0.00000  0.0500  0.050
  189  5.192  -19.50  0.00000  0.0500  0.050
  190  5.192  -19.45  1.00000  0.0500  0.050
  191  5.192  -19.40  1.00000  0.0500  0.050
  192  5.192  -19.35  1.00000  0.0500  0.050
  193  5.192  -19.30  0.00000  0.0500  0.050
  194  5.192  -19.25  0.00000  0.0500  0.050
  195  5.192  -19.20  0.00000  0.0500  0.050
  196  5.192  -19.15  0.00000  0.0500  0.050
  197  5.192  -19.10  0.00000  0.0500  0.050
  198  5.192  -19.05  0.00000  0.0500  0.050
  199  5.192  -19.00  0.00000  0.0500  0.050
  200  5.192  -18.95  0.00000  0.0500  0.050
  201  5.242  -19.90  0.00000  0.0500  0.050
  202  5.242  -19.85  0.00000  0.0500  0.050
  203  5.242  -19.80  0.00000  0.0500  0.050
  204  5.242  -19.75  0.00000  0.0500  0.050
  205  5.242  -19.70  0.00000  0.0500  0.050
  206  5.242  -19.65  0.00000  0.0500  0.050
  207  5.242  -19.60  0.00000  0.0500  0.050
  208  5.242  -19.55  0.00000  0.0500  0.050
  209  5.242  -19.50  0.00000  0.0500  0.050
  210  5.242  -19.45  1.00000  0.0500  0.050
  211  5.242  -19.40  1.00000  0.0500  0.050
  212  5.242  -19.35  1.00000  0.0500  0.050
  213  5.242  -19.30  0.00000  0.0500  0.050
  214  5.242  -19.25  0.00000  0.0500  0.050
  215  5.242  -19.20  0.00000  0.0500  0.050
  216  5.242  -19.15  0.00000  0.0500  0.050
  217  5.242  -19.10  0.00000  0.0500  0.050
  218  5.242  -19.05  0.00000  0.0500  0.050
  219  5.242  -19.00  0.00000  0.0500  0.050
  220  5.242  -18.95  0.00000  0.0500  0.050
  221  5.292  -19.90  0.00000  0.0500  0.050
  222  5.292  -19.85  0.00000  0.0500  0.050
  223  5.292  -19.80  0.00000  0.0500  0.050
  224  5.292  -19.75  0.00000  0.0500  0.050
  225  5.292  -19.70  0.00000  0.0500  0.050
  226  5.292  -19.65  0.00000  0.0500  0.050
  227  5.292  -19.60  0.00000  0.0500  0.050
  228  5.292  -19.55  0.00000  0.0500  0.050
  229  5.292  -19.50  0.00000  0.0500  0.050
  230  5.292  -19.45  1.00000  0.0500  0.050
  231  5.292  -19.40  1.00000  0.0500  0.050
  232  5.292  -19.35  1.00000  0.0500  0.050
  233  5.292  -19.30  0.00000  0.0500  0.050
  234  5.292  -19.25  0.00000  0.0500  0.050
  235  5.292  -19.20  0.00000  0.0500  0.050
  236  5.292  -19.15  0.00000  0.0500  0.050
  237  5.292  -19.10  0.00000  0.0500  0.050
  238  5.292  -19.05  0.00000  0.0500  0.050
  239  5.292  -19.00  0.00000  0.0500  0.050
  240  5.292  -18.95  0.00000  0.0500  0.050
  241  5.342  -19.90  0.00000  0.0500  0.050
  242  5.342  -19.85  0.00000  0.0500  0.050
  243  5.342  -19.80  0.00000  0.0500  0.050
  244  5.342  -19.75  0.00000  0.0500  0.050
  245  5.342  -19.70  0.00000  0.0500  0.050
  246  5.342  -19.65  0.00000  0.0500  0.050
  247  5.342  -19.60  0.00000  0.0500  0.050
  248  5.342  -19.55  0.00000  0.0500  0.050
  249  5.342  -19.50  0.00000  0.0500  0.050
  250  5.342  -19.45  0.00000  0.0500  0.050
  251  5.342  -19.40  0.00000  0.0500  0.050
  252  5.342  -19.35  0.00000  0.0500  0.050
  253  5.342  -19.30  0.00000  0.0500  0.050
  254  5.342  -19.25  0.00000  0.0500  0.050
  255  5.342  -19.20  0.00000  0.0500  0.050
  256  5.342  -19.15  0.00000  0.0500  0.050
  257  5.342  -19.10  0.00000  0.0500  0.050
  258  5.342  -19.05  0.00000  0.0500  0.050
  259  5.342  -19.00  0.00000  0.0500  0.050
  260  5.342  -18.95  0.00000  0.0500  0.050
  261  5.392  -19.90  0.00000  0.0500  0.050
  262  5.392  -19.85  0.00000  0.0500  0.050
  263  5.392  -19.80  0.00000  0.0500  0.050
  264  5.392  -19.75  0.00000  0.0500  0.050
  265  5.392  -19.70  0.00000  0.0500  0.050
  266  5.392  -19.65  0.00000  0.0500  0.050
  267  5.392  -19.60  0.00000  0.0500  0.050
  268  5.392  -19.55  0.00000  0.0500  0.050
  269  5.392  -19.50  0.00000  0.0500  0.050
  270  5.392  -19.45  0.00000  0.0500  0.050
  271  5.392  -19.40  0.00000  0.0500  0.050
  272  5.392  -19.35  0.00000  0.0500  0.050
  273  5.392  -19.30  0.00000  0.0500  0.050
  274  5.392  -19.25  0.00000  0.0500  0.050
  275  5.392  -19.20  0.00000  0.0500  0.050
  276  5.392  -19.15  0.00000  0.0500  0.050
  277  5.392  -19.10  0.00000  0.0500  0.050
  278  5.392  -19.05  0.00000  0.0500  0.050
  279  5.392  -19.00  0.00000  0.0500  0.050
  280  5.392  -18.95  0.00000  0.0500  0.050
  281  5.442  -19.90  0.00000  0.0500  0.050
  282  5.442  -19.85  0.00000  0.0500  0.050
  283  5.442  -19.80  0.00000  0.0500  0.050
  284  5.442  -19.75  0.00000  0.0500  0.050
  285  5.442  -19.70  0.00000  0.0500  0.050
  286  5.442  -19.65  0.00000  0.0500  0.050
  287  5.442  -19.60  0.00000  0.0500  0.050
  288  5.442  -19.55  0.00000  0.0500  0.050
  289  5.442  -19.50  0.00000  0.0500  0.050
  290  5.442  -19.45  0.00000  0.0500  0.050
  291  5.442  -19.40  0.00000  0.0500  0.050
  292  5.442  -19.35  0.00000  0.0500  0.050
  293  5.442  -19.30  0.00000  0.0500  0.050
  294  5.442  -19.25  0.00000  0.0500  0.050
  295  5.442  -19.20  0.00000  0.0500  0.050
  296  5.442  -19.15  0.00000  0.0500  0.050
  297  5.442  -19.10  0.00000  0.0500  0.050
  298  5.442  -19.05  0.00000  0.0500  0.050
  299  5.442  -19.00  0.00000  0.0500  0.050
  300  5.442  -18.95  0.00000  0.0500  0.050
  301  5.492  -19.90  0.00000  0.0500  0.050
  302  5.492  -19.85  0.00000  0.0500  0.050
  303  5.492  -19.80  0.00000  0.0500  0.050
  304  5.492  -19.75  0.00000  0.0500  0.050
  305  5.492  -19.70  0.00000  0.0500  0.050
  306  5.492  -19.65  0.00000  0.0500  0.050
  307  5.492  -19.60  0.00000  0.0500  0.050
  308  5.492  -19.55  0.00000  0.0500  0.050
  309  5.492  -19.50  0.00000  0.0500  0.050
  310  5.492  -19.45  0.00000  0.0500  0.050
  311  5.492  -19.40  0.00000  0.0500  0.050
  312  5.492  -19.35  0.00000  0.0500  0.050
  313  5.492  -19.30  0.00000  0.0500  0.050
  314  5.492  -19.25  0.00000  0.0500  0.050
  315  5.492  -19.20  0.00000  0.0500  0.050
  316  5.492  -19.15  0.00000  0.0500  0.050
  317  5.492  -19.10  0.00000  0.0500  0.050
  318  5.492  -19.05  0.00000  0.0500  0.050
  319  5.492  -19.00  0.00000  0.0500  0.050
  320  5.492  -18.95  0.00000  0.0500  0.050
  321  5.542  -19.90  0.00000  0.0500  0.050
  322  5.542  -19.85  0.00000  0.0500  0.050
  323  5.542  -19.80  0.00000  0.0500  0.050
  324  5.542  -19.75  0.00000  0.0500  0.050
  325  5.542  -19.70  0.00000  0.0500  0.050
  326  5.542  -19.65  0.00000  0.0500  0.050
  327  5.542  -19.60  0.00000  0.0500  0.050
  328  5.542  -19.55  0.00000  0.0500  0.050
  329  5.542  -19.50  0.00000  0.0500  0.050
  330  5.542  -19.45  0.00000  0.0500  0.050
  331  5.542  -19.40  0.00000  0.0500  0.050
  332  5.542  -19.35  0.00000  0.0500  0.050
  333  5.542  -19.30  0.00000  0.0500  0.050
  334  5.542  -19.25  0.00000  0.0500  0.050
  335  5.542  -19.20  0.00000  0.0500  0.050
  336  5.542  -19.15  0.00000  0.0500  0.050
  337  5.542  -19.10  0.00000  0.0500  0.050
  338  5.542  -19.05  0.00000  0.0500  0.050
  339  5.542  -19.00  0.00000  0.0500  0.050
  340  5.542  -18.95  0.00000  0.0500  0.050
  341  5.592  -19.90  0.00000  0.0500  0.050
  342  5.592  -19.85  0.00000  0.0500  0.050
  343  5.592  -19.80  0.00000  0.0500  0.050
  344  5.592  -19.75  0.00000  0.0500  0.050
  345  5.592  -19.70  0.00000  0.0500  0.050
  346  5.592  -19.65  0.00000  0.0500  0.050
  347  5.592  -19.60  0.00000  0.0500  0.050
  348  5.592  -19.55  0.00000  0.0500  0.050
  349  5.592  -19.50  0.00000  0.0500  0.050
  350  5.592  -19.45  0.00000  0.0500  0.050
  351  5.592  -19.40  0.00000  0.0500  0.050
  352  5.592  -19.35  0.00000  0.0500  0.050
  353  5.592  -19.30  0.00000  0.0500  0.050
  354  5.592  -19.25  0.00000  0.0500  0.050
  355  5.592  -19.20  0.00000  0.0500  0.050
  356  5.592  -19.15  0.00000  0.0500  0.050
  357  5.592  -19.10  0.00000  0.0500  0.050
  358  5.592  -19.05  0.00000  0.0500  0.050
  359  5.592  -19.00  0.00000  0.0500  0.050
  360  5.592  -18.95  0.00000  0.0500  0.050
  361  5.642  -19.90  0.00000  0.0500  0.050
  362  5.642  -19.85  0.00000  0.0500  0.050
  363  5.642  -19.80  0.00000  0.0500  0.050
  364  5.642  -19.75  0.00000  0.0500  0.050
  365  5.642  -19.70  0.00000  0.0500  0.050
  366  5.642  -19.65  0.00000  0.0500  0.050
  367  5.642  -19.60  0.00000  0.0500  0.050
  368  5.642  -19.55  0.00000  0.0500  0.050
  369  5.642  -19.50  0.00000  0.0500  0.050
  370  5.642  -19.45  0.00000  0.0500  0.050
  371  5.642  -19.40  0.00000  0.0500  0.050
  372  5.642  -19.35  0.00000  0.0500  0.050
  373  5.642  -19.30  0.00000  0.0500  0.050
  374  5.642  -19.25  0.00000  0.0500  0.050
  375  5.642  -19.20  0.00000  0.0500  0.050
  376  5.642  -19.15  0.00000  0.0500  0.050
  377  5.642  -19.10  0.00000  0.0500  0.050
  378  5.642  -19.05  0.00000  0.0500  0.050
  379  5.642  -19.00  0.00000  0.0500  0.050
  380  5.642  -18.95  0.00000  0.0500  0.050
  381  5.692  -19.90  0.00000  0.0500  0.050
  382  5.692  -19.85  0.00000  0.0500  0.050
  383  5.692  -19.80  0.00000  0.0500  0.050
  384  5.692  -19.75  0.00000  0.0500  0.050
  385  5.692  -19.70  0.00000  0.0500  0.050
  386  5.692  -19.65  0.00000  0.0500  0.050
  387  5.692  -19.60  0.00000  0.0500  0.050
  388  5.692  -19.55  0.00000  0.0500  0.050
  389  5.692  -19.50  0.00000  0.0500  0.050
  390  5.692  -19.45  0.00000  0.0500  0.050
  391  5.692  -19.40  0.00000  0.0500  0.050
  392  5.692  -19.35  0.00000  0.0500  0.050
  393  5.692  -19.30  0.00000  0.0500  0.050
  394  5.692  -19.25  0.00000  0.0500  0.050
  395  5.692  -19.20  0.00000  0.0500  0.050
  396  5.692  -19.15  0.00000  0.0500  0.050
  397  5.692  -19.10  0.00000  0.0500  0.050
  398  5.692  -19.05  0.00000  0.0500  0.050
  399  5.692  -19.00  0.00000  0.0500  0.050
  400  5.692  -18.95  0.00000  0.0500  0.050
# dzs = [0.05]
# dmags = [0.05]
